Ts	CO2_0.550000	CO2_0.600000	CO2_0.650000
3.400000e+02	1.066687e+05	1.066687e+05	1.066687e+05
3.390000e+02	9.910128e+04	9.910128e+04	9.910128e+04
3.380000e+02	9.188764e+04	9.188764e+04	9.188764e+04
3.370000e+02	8.503257e+04	8.503257e+04	8.503257e+04
3.360000e+02	7.853821e+04	7.853821e+04	7.853821e+04
3.350000e+02	7.240410e+04	7.240410e+04	7.240410e+04
3.340000e+02	6.662723e+04	6.662723e+04	6.662723e+04
3.330000e+02	6.120223e+04	6.120223e+04	6.120223e+04
3.320000e+02	5.612147e+04	5.612147e+04	5.612147e+04
3.310000e+02	5.137540e+04	5.137540e+04	5.137540e+04
3.300000e+02	4.695273e+04	4.695273e+04	4.695273e+04
3.290000e+02	4.284078e+04	4.284078e+04	4.284078e+04
3.280000e+02	3.902577e+04	3.902577e+04	3.902577e+04
3.270000e+02	3.549308e+04	3.549308e+04	3.549308e+04
3.260000e+02	3.222763e+04	3.222763e+04	3.222763e+04
3.250000e+02	2.921403e+04	2.921403e+04	2.921403e+04
3.240000e+02	2.643695e+04	2.643695e+04	2.643695e+04
3.230000e+02	2.388122e+04	2.388122e+04	2.388122e+04
3.220000e+02	2.153208e+04	2.153208e+04	2.153208e+04
3.210000e+02	1.937530e+04	1.937530e+04	1.937530e+04
3.200000e+02	1.739728e+04	1.739728e+04	1.739728e+04
3.190000e+02	1.558513e+04	1.558513e+04	1.558513e+04
3.180000e+02	1.392675e+04	1.392675e+04	1.392675e+04
3.170000e+02	1.241080e+04	1.241080e+04	1.241080e+04
3.160000e+02	1.102678e+04	1.102678e+04	1.102678e+04
3.150000e+02	9.764938e+03	9.764938e+03	9.764938e+03
3.140000e+02	8.616317e+03	8.616317e+03	8.616317e+03
3.130000e+02	7.572673e+03	7.572673e+03	7.572673e+03
3.120000e+02	6.626448e+03	6.626448e+03	6.626448e+03
3.110000e+02	5.770714e+03	5.770714e+03	5.770714e+03
3.100000e+02	4.999117e+03	4.999117e+03	4.999117e+03
3.090000e+02	4.305814e+03	4.305814e+03	4.305814e+03
3.080000e+02	3.685408e+03	3.685408e+03	3.685408e+03
3.070000e+02	3.132880e+03	3.132880e+03	3.132880e+03
3.060000e+02	2.643522e+03	2.643522e+03	2.643522e+03
3.050000e+02	2.212863e+03	2.212863e+03	2.212863e+03
3.040000e+02	1.836604e+03	1.836604e+03	1.836604e+03
3.030000e+02	1.510554e+03	1.510554e+03	1.510554e+03
3.020000e+02	1.230581e+03	1.230581e+03	1.230581e+03
3.010000e+02	9.925702e+02	9.925702e+02	9.925702e+02
3.000000e+02	7.924107e+02	7.924107e+02	7.924107e+02
2.990000e+02	6.260043e+02	6.260043e+02	6.260043e+02
2.980000e+02	4.893005e+02	4.893005e+02	4.893005e+02
2.970000e+02	3.783547e+02	3.783547e+02	3.783547e+02
2.960000e+02	2.894008e+02	2.894008e+02	2.894008e+02
2.950000e+02	2.189261e+02	2.189261e+02	2.189261e+02
2.940000e+02	1.637362e+02	1.637362e+02	1.637362e+02
2.930000e+02	1.210002e+02	1.210002e+02	1.210002e+02
2.920000e+02	8.827106e+01	8.827106e+01	8.827106e+01
2.910000e+02	6.348168e+01	6.348168e+01	6.348168e+01
2.900000e+02	4.492170e+01	4.492170e+01	4.492170e+01
2.890000e+02	3.182555e+01	3.191569e+01	3.200605e+01
2.880000e+02	2.303907e+01	2.331200e+01	2.358778e+01
2.870000e+02	1.709010e+01	1.756722e+01	1.805604e+01
2.860000e+02	1.303592e+01	1.371355e+01	1.442205e+01
2.850000e+02	1.026535e+01	1.113728e+01	1.207427e+01
2.840000e+02	8.378390e+00	9.447641e+00	1.063742e+01
2.830000e+02	7.112535e+00	8.398834e+00	9.891781e+00
2.820000e+02	6.297423e+00	7.843915e+00	9.729052e+00
2.810000e+02	5.826803e+00	7.708766e+00	1.013276e+01
2.800000e+02	5.641657e+00	7.980149e+00	1.117919e+01
2.790000e+02	5.721254e+00	8.705925e+00	1.306144e+01
2.780000e+02	6.080886e+00	1.000899e+01	1.614772e+01
2.770000e+02	6.776585e+00	1.212094e+01	2.110010e+01
2.760000e+02	7.918984e+00	1.544927e+01	2.910972e+01
2.750000e+02	9.701415e+00	2.070688e+01	4.236786e+01
2.740000e+02	1.245290e+01	2.916409e+01	6.502524e+01
2.730000e+02	1.673763e+01	4.314853e+01	1.051616e+02
2.720000e+02	2.354499e+01	6.705435e+01	1.787611e+02
2.710000e+02	3.466110e+01	1.093886e+02	3.172636e+02
2.700000e+02	5.341007e+01	1.868286e+02	5.802059e+02
2.690000e+02	8.614763e+01	3.317406e+02	1.072527e+03
2.680000e+02	1.452366e+02	6.044131e+02	1.963218e+03
2.670000e+02	2.546976e+02	1.109396e+03	3.503196e+03
2.660000e+02	4.599117e+02	2.013036e+03	6.046099e+03
2.650000e+02	8.417678e+02	3.560706e+03	1.007827e+04
2.640000e+02	1.533447e+03	6.097090e+03	1.626120e+04
2.630000e+02	2.737444e+03	1.009463e+04	2.548700e+04
2.620000e+02	4.743685e+03	1.619267e+04	3.894689e+04
2.610000e+02	7.952830e+03	2.524756e+04	5.821263e+04
2.600000e+02	1.290800e+04	3.839327e+04	8.533047e+04
2.590000e+02	1.112734e+04	3.533857e+04	8.127142e+04
2.580000e+02	9.463719e+03	3.234303e+04	7.720463e+04
2.570000e+02	7.925356e+03	2.941425e+04	7.313203e+04
2.560000e+02	6.520236e+03	2.656094e+04	6.905640e+04
2.550000e+02	5.255683e+03	2.379290e+04	6.498155e+04
2.540000e+02	4.137766e+03	2.112107e+04	6.091242e+04
2.530000e+02	3.170544e+03	1.855745e+04	5.685522e+04
2.520000e+02	2.355171e+03	1.611508e+04	5.281755e+04
2.510000e+02	1.688932e+03	1.380781e+04	4.880858e+04
2.500000e+02	1.164392e+03	1.165005e+04	4.483917e+04
2.490000e+02	7.689545e+02	9.656396e+03	4.092199e+04
2.480000e+02	4.852089e+02	7.840971e+03	3.707165e+04
2.470000e+02	2.923321e+02	6.216653e+03	3.330478e+04
2.460000e+02	1.684260e+02	4.793983e+03	2.964003e+04
2.450000e+02	9.314263e+01	3.579822e+03	2.609801e+04
2.440000e+02	4.970459e+01	2.575785e+03	2.270115e+04
2.430000e+02	2.574077e+01	1.776643e+03	1.947333e+04
2.420000e+02	1.299465e+01	1.169056e+03	1.643941e+04
2.410000e+02	6.403619e+00	7.312488e+02	1.362443e+04
2.400000e+02	3.068926e+00	4.343264e+02	1.105263e+04
2.390000e+02	1.414955e+00	2.455540e+02	8.746041e+03
2.380000e+02	6.157913e-01	1.329517e+02	6.722878e+03
2.370000e+02	2.476964e-01	6.950644e+01	4.995553e+03
2.360000e+02	9.419362e-02	3.535034e+01	3.568522e+03
2.350000e+02	4.074085e-02	1.755229e+01	2.436086e+03
2.340000e+02	2.471337e-02	8.483867e+00	1.580509e+03
2.330000e+02	1.962755e-02	3.952590e+00	9.711150e+02
2.320000e+02	1.790330e-02	1.754648e+00	5.655313e+02
2.310000e+02	1.748211e-02	7.522684e-01	3.143286e+02
2.300000e+02	1.768895e-02	3.413296e-01	1.688178e+02
2.290000e+02	1.825446e-02	1.855638e-01	8.877622e+01
2.280000e+02	1.905366e-02	1.229714e-01	4.608258e+01
2.270000e+02	2.002183e-02	9.406095e-02	2.358199e+01
2.260000e+02	2.112267e-02	7.894800e-02	1.174456e+01
2.250000e+02	2.233457e-02	7.037617e-02	5.551829e+00
2.240000e+02	2.364421e-02	6.531327e-02	2.433594e+00
2.230000e+02	2.504317e-02	6.232708e-02	1.054057e+00
2.220000e+02	2.652616e-02	6.067059e-02	5.445489e-01
2.210000e+02	2.808991e-02	5.992237e-02	3.514474e-01
